19:16:33.678286 
0000  45 00 00 3c 20 79 40 00 40 11 d5 ef ac 1f 01 64
0010  82 ee 13 d7 a4 3a a4 3a 00 28 44 82 01 01 00 00
0020  01 00 00 06 06 63 00 00 06 68 90 20 00 01 00 00
0030  54 53 54 41 53 55 06 63 06 68 59 58
19:16:33.678352 
0000  45 00 00 3c 20 7a 40 00 40 11 d5 ee ac 1f 01 64
0010  82 ee 13 d7 a4 3a a4 3a 00 28 44 82 01 01 00 00
0020  01 00 00 05 06 63 00 00 06 68 90 1f 00 01 00 00
0030  4c 4d 45 44 00 56 06 63 06 68 c3 5c
19:16:33.678379 
0000  45 00 00 3c 20 7b 40 00 40 11 d5 ed ac 1f 01 64
0010  82 ee 13 d7 a4 3a a4 3a 00 28 44 82 01 01 00 00
0020  01 00 00 05 06 63 00 00 06 68 90 1f 00 01 00 00
0030  4c 4d 45 44 00 56 06 63 06 68 c3 5c
19:16:33.918487 
0000  45 00 00 3c 20 b5 40 00 40 11 d5 b3 ac 1f 01 64
0010  82 ee 13 d7 a4 3a a4 3a 00 28 44 82 01 01 00 00
0020  01 00 00 05 06 63 00 00 06 68 90 1f 00 01 00 00
0030  4c 4d 45 44 00 56 06 63 06 68 c3 5c
19:16:33.918563 
0000  45 00 00 3c 20 b6 40 00 40 11 d5 b2 ac 1f 01 64
0010  82 ee 13 d7 a4 3a a4 3a 00 28 44 82 01 01 00 00
0020  01 00 00 05 06 63 00 00 06 68 90 1f 00 01 00 00
0030  4c 4d 45 44 00 56 06 63 06 68 c3 5c
19:16:33.918600 
0000  45 00 00 3c 20 b7 40 00 40 11 d5 b1 ac 1f 01 64
0010  82 ee 13 d7 a4 3a a4 3a 00 28 44 82 01 01 00 00
0020  01 00 00 05 06 63 00 00 06 68 90 1f 00 01 00 00
0030  4c 4d 45 44 00 56 06 63 06 68 c3 5c
19:16:34.595966 
0000  45 00 00 42 e9 50 40 00 2f 11 1e 12 82 ee 13 d7
0010  ac 1f 01 64 a4 3a a4 3a 00 2e 71 d3 01 01 00 00
0020  08 00 00 0c 06 68 00 00 06 20 00 00 00 00 00 00
0030  00 01 00 0a 00 06 00 0b 00 07 00 1f 06 68 06 20
0040  de a1
19:16:34.652960 
0000  45 00 00 3c 21 07 40 00 40 11 d5 61 ac 1f 01 64
0010  82 ee 13 d7 a4 3a a4 3a 00 28 44 82 01 01 00 00
0020  01 00 00 05 06 63 00 00 06 68 90 1f 00 01 00 00
0030  4c 4d 45 44 00 56 06 63 06 68 c3 5c
19:16:34.653028 
0000  45 00 00 3c 21 08 40 00 40 11 d5 60 ac 1f 01 64
0010  82 ee 13 d7 a4 3a a4 3a 00 28 44 82 01 01 00 00
0020  01 00 00 05 06 63 00 00 06 68 90 1f 00 01 00 00
0030  4c 4d 45 44 00 56 06 63 06 68 c3 5c
19:16:34.653068 
0000  45 00 00 3c 21 09 40 00 40 11 d5 5f ac 1f 01 64
0010  82 ee 13 d7 a4 3a a4 3a 00 28 44 82 01 01 00 00
0020  01 00 00 05 06 63 00 00 06 68 90 1f 00 01 00 00
0030  4c 4d 45 44 00 56 06 63 06 68 c3 5c
19:16:35.134730 
0000  45 00 00 76 e9 5a 40 00 2f 11 1d d4 82 ee 13 d7
0010  ac 1f 01 64 a4 3a a4 3a 00 62 71 6b 01 01 00 00
0020  05 00 10 40 06 68 90 20 06 63 00 00 00 01 00 00
0030  50 55 00 00 00 00 00 00 00 00 00 00 00 00 00 00
0040  00 00 00 00 00 00 00 00 00 00 00 00 00 00 00 00
0050  01 06 00 0e c1 0e 00 10 23 9d 00 04 00 00 00 00
0060  15 ac 00 00 00 00 00 00 00 00 00 00 03 3b 00 00
0070  06 68 06 20 f2 3a
19:16:35.135562 
0000  45 00 00 3a e9 5b 40 00 2f 11 1e 0f 82 ee 13 d7
0010  ac 1f 01 64 a4 3a a4 3a 00 26 71 e3 01 01 00 00
0020  02 00 10 04 06 68 90 1f 06 63 b0 1d 00 01 00 01
0030  00 01 00 08 06 68 06 20 94 60
19:16:35.135662 
0000  45 00 00 3c 21 42 40 00 40 11 d5 26 ac 1f 01 64
0010  82 ee 13 d7 a4 3a a4 3a 00 28 44 82 01 01 00 00
0020  01 00 00 05 06 63 00 00 06 68 90 1f 00 01 00 00
0030  4c 4d 45 44 00 56 06 63 06 68 c3 5c
19:16:35.135712 
0000  45 00 00 3a 21 43 40 00 40 11 d5 27 ac 1f 01 64
0010  82 ee 13 d7 a4 3a a4 3a 00 26 44 80 01 01 00 00
0020  07 00 00 04 06 63 b0 1d 06 68 90 1f 00 01 00 01
0030  00 01 00 08 06 63 06 68 9f 1d
19:16:35.135737 
0000  45 00 00 3a 21 44 40 00 40 11 d5 26 ac 1f 01 64
0010  82 ee 13 d7 a4 3a a4 3a 00 26 44 80 01 01 00 00
0020  07 00 00 04 06 63 b0 1d 06 68 90 1f 00 01 00 01
0030  00 01 00 08 06 63 06 68 9f 1d
19:16:35.136270 
0000  45 00 00 3a e9 5c 40 00 2f 11 1e 0e 82 ee 13 d7
0010  ac 1f 01 64 a4 3a a4 3a 00 26 71 e3 01 01 00 00
0020  02 00 10 04 06 68 90 1f 06 63 b0 1d 00 01 00 01
0030  00 01 00 08 06 68 06 20 94 60
19:16:35.149311 
0000  45 00 00 3a 21 45 40 00 40 11 d5 25 ac 1f 01 64
0010  82 ee 13 d7 a4 3a a4 3a 00 26 44 80 01 01 00 00
0020  07 00 00 04 06 63 b0 1d 06 68 90 1f 00 01 00 01
0030  00 01 00 08 06 63 06 68 9f 1d
19:16:35.149375 
0000  45 00 00 40 21 46 40 00 40 11 d5 1e ac 1f 01 64
0010  82 ee 13 d7 a4 3a a4 3a 00 2c 44 86 01 01 00 00
0020  80 00 00 09 06 63 b0 1d 06 68 90 1f 00 02 00 01
0030  ff ff 00 c0 21 db 30 cb 00 00 06 63 06 68 d2 b9
19:16:35.149403 
0000  45 00 00 40 21 47 40 00 40 11 d5 1d ac 1f 01 64
0010  82 ee 13 d7 a4 3a a4 3a 00 2c 44 86 01 01 00 00
0020  80 00 00 09 06 63 b0 1d 06 68 90 1f 00 02 00 01
0030  ff ff 00 c0 21 db 30 cb 00 00 06 63 06 68 d2 b9
19:16:35.149473 
0000  45 00 00 40 21 48 40 00 40 11 d5 1c ac 1f 01 64
0010  82 ee 13 d7 a4 3a a4 3a 00 2c 44 86 01 01 00 00
0020  80 00 00 09 06 63 b0 1d 06 68 90 1f 00 02 00 01
0030  ff ff 00 c0 21 db 30 cb 00 00 06 63 06 68 d2 b9
19:16:35.149525 
0000  45 00 00 52 21 49 40 00 40 11 d5 09 ac 1f 01 64
0010  82 ee 13 d7 a4 3a a4 3a 00 3e 44 98 01 01 00 00
0020  80 00 00 1b 06 63 b0 1d 06 68 90 1f 00 03 00 01
0030  fe ff 00 c0 33 19 00 ac d2 00 f4 5c 08 00 00 c0
0040  00 00 1c b2 00 b3 00 00 00 00 00 02 06 63 06 68
0050  06 03
19:16:35.149560 
0000  45 00 00 52 21 4a 40 00 40 11 d5 08 ac 1f 01 64
0010  82 ee 13 d7 a4 3a a4 3a 00 3e 44 98 01 01 00 00
0020  80 00 00 1b 06 63 b0 1d 06 68 90 1f 00 03 00 01
0030  fe ff 00 c0 33 19 00 ac d2 00 f4 5c 08 00 00 c0
0040  00 00 1c b2 00 b3 00 00 00 00 00 02 06 63 06 68
0050  06 03
19:16:35.387398 
0000  45 00 00 52 21 58 40 00 40 11 d4 fa ac 1f 01 64
0010  82 ee 13 d7 a4 3a a4 3a 00 3e 44 98 01 01 00 00
0020  80 00 00 1b 06 63 b0 1d 06 68 90 1f 00 03 00 01
0030  fe ff 00 c0 33 19 00 ac d2 00 f4 5c 08 00 00 c0
0040  00 00 1c b2 00 b3 00 00 00 00 00 02 06 63 06 68
0050  06 03
19:16:35.387449 
0000  45 00 00 36 21 59 40 00 40 11 d5 15 ac 1f 01 64
0010  82 ee 13 d7 a4 3a a4 3a 00 22 44 7c 01 01 00 00
0020  06 00 00 00 06 63 b0 1d 06 68 90 1f 00 00 00 01
0030  06 63 06 68 a0 2b
19:16:35.387464 
0000  45 00 00 36 21 5a 40 00 40 11 d5 14 ac 1f 01 64
0010  82 ee 13 d7 a4 3a a4 3a 00 22 44 7c 01 01 00 00
0020  06 00 00 00 06 63 b0 1d 06 68 90 1f 00 00 00 01
0030  06 63 06 68 a0 2b
19:16:35.387484 
0000  45 00 00 36 21 5b 40 00 40 11 d5 13 ac 1f 01 64
0010  82 ee 13 d7 a4 3a a4 3a 00 22 44 7c 01 01 00 00
0020  06 00 00 00 06 63 b0 1d 06 68 90 1f 00 00 00 01
0030  06 63 06 68 a0 2b
19:16:35.387530 
0000  45 00 00 36 21 5c 40 00 40 11 d5 12 ac 1f 01 64
0010  82 ee 13 d7 a4 3a a4 3a 00 22 44 7c 01 01 00 00
0020  06 00 00 00 06 63 b0 1d 06 68 90 1f 00 00 00 01
0030  06 63 06 68 a0 2b
19:16:35.387563 
0000  45 00 00 40 21 5d 40 00 40 11 d5 07 ac 1f 01 64
0010  82 ee 13 d7 a4 3a a4 3a 00 2c 44 86 01 01 00 00
0020  80 00 00 09 06 63 b0 1d 06 68 90 1f 00 02 00 01
0030  ff ff 00 c0 21 db 30 cb 00 00 06 63 06 68 d2 b9
19:16:35.387597 
0000  45 00 00 40 21 5e 40 00 40 11 d5 06 ac 1f 01 64
0010  82 ee 13 d7 a4 3a a4 3a 00 2c 44 86 01 01 00 00
0020  80 00 00 09 06 63 b0 1d 06 68 90 1f 00 02 00 01
0030  ff ff 00 c0 21 db 30 cb 00 00 06 63 06 68 d2 b9
19:16:36.042470 
0000  45 00 00 3a e9 a8 40 00 2f 11 1d c2 82 ee 13 d7
0010  ac 1f 01 64 a4 3a a4 3a 00 26 71 e3 01 01 00 00
0020  02 00 10 04 06 68 90 1f 06 63 b0 1d 00 01 00 01
0030  00 01 00 08 06 68 06 20 94 60
19:16:36.043208 
0000  45 00 00 36 e9 a9 40 00 2f 11 1d c5 82 ee 13 d7
0010  ac 1f 01 64 a4 3a a4 3a 00 22 71 eb 01 01 00 00
0020  06 00 10 00 06 68 90 1f 06 63 b0 1d 00 01 00 01
0030  06 68 06 20 90 6d
19:16:36.043303 
0000  45 00 00 40 21 90 40 00 40 11 d4 d4 ac 1f 01 64
0010  82 ee 13 d7 a4 3a a4 3a 00 2c 44 86 01 01 00 00
0020  80 00 00 09 06 63 b0 1d 06 68 90 1f 00 02 00 01
0030  ff ff 00 c0 21 db 30 cb 00 00 06 63 06 68 d2 b9
19:16:36.043354 
0000  45 00 00 3a 21 91 40 00 40 11 d4 d9 ac 1f 01 64
0010  82 ee 13 d7 a4 3a a4 3a 00 26 44 80 01 01 00 00
0020  07 00 00 04 06 63 b0 1d 06 68 90 1f 00 01 00 01
0030  00 01 00 08 06 63 06 68 9f 1d
19:16:36.043385 
0000  45 00 00 3a 21 92 40 00 40 11 d4 d8 ac 1f 01 64
0010  82 ee 13 d7 a4 3a a4 3a 00 26 44 80 01 01 00 00
0020  07 00 00 04 06 63 b0 1d 06 68 90 1f 00 01 00 01
0030  00 01 00 08 06 63 06 68 9f 1d
19:16:36.048355 
0000  45 00 00 36 e9 aa 40 00 2f 11 1d c4 82 ee 13 d7
0010  ac 1f 01 64 a4 3a a4 3a 00 22 71 eb 01 01 00 00
0020  06 00 10 00 06 68 90 1f 06 63 b0 1d 00 01 00 01
0030  06 68 06 20 90 6d
19:16:36.048380 
0000  45 00 00 36 e9 ab 40 00 2f 11 1d c3 82 ee 13 d7
0010  ac 1f 01 64 a4 3a a4 3a 00 22 71 eb 01 01 00 00
0020  06 00 10 00 06 68 90 1f 06 63 b0 1d 00 01 00 01
0030  06 68 06 20 90 6d
19:16:36.048385 
0000  45 00 00 36 e9 ac 40 00 2f 11 1d c2 82 ee 13 d7
0010  ac 1f 01 64 a4 3a a4 3a 00 22 71 eb 01 01 00 00
0020  06 00 10 00 06 68 90 1f 06 63 b0 1d 00 01 00 01
0030  06 68 06 20 90 6d
19:16:36.048389 
0000  45 00 00 3a e9 ad 40 00 2f 11 1d bd 82 ee 13 d7
0010  ac 1f 01 64 a4 3a a4 3a 00 26 71 e3 01 01 00 00
0020  02 00 10 04 06 68 90 1f 06 63 b0 1d 00 01 00 01
0030  00 01 00 08 06 68 06 20 94 60
19:16:36.048397 
0000  45 00 00 3a e9 ae 40 00 2f 11 1d bc 82 ee 13 d7
0010  ac 1f 01 64 a4 3a a4 3a 00 26 71 e3 01 01 00 00
0020  02 00 10 04 06 68 90 1f 06 63 b0 1d 00 01 00 01
0030  00 01 00 08 06 68 06 20 94 60
19:16:36.116840 
0000  45 00 00 3a 21 a4 40 00 40 11 d4 c6 ac 1f 01 64
0010  82 ee 13 d7 a4 3a a4 3a 00 26 44 80 01 01 00 00
0020  07 00 00 04 06 63 b0 1d 06 68 90 1f 00 01 00 01
0030  00 01 00 08 06 63 06 68 9f 1d
19:16:36.116946 
0000  45 00 00 40 21 a5 40 00 40 11 d4 bf ac 1f 01 64
0010  82 ee 13 d7 a4 3a a4 3a 00 2c 44 86 01 01 00 00
0020  80 00 00 09 06 63 b0 1d 06 68 90 1f 00 02 00 01
0030  ff ff 00 c0 21 db 30 cb 00 00 06 63 06 68 d2 b9
19:16:36.116974 
0000  45 00 00 40 21 a6 40 00 40 11 d4 be ac 1f 01 64
0010  82 ee 13 d7 a4 3a a4 3a 00 2c 44 86 01 01 00 00
0020  80 00 00 09 06 63 b0 1d 06 68 90 1f 00 02 00 01
0030  ff ff 00 c0 21 db 30 cb 00 00 06 63 06 68 d2 b9
19:16:36.842187 
0000  45 00 00 40 21 d3 40 00 40 11 d4 91 ac 1f 01 64
0010  82 ee 13 d7 a4 3a a4 3a 00 2c 44 86 01 01 00 00
0020  80 00 00 09 06 63 b0 1d 06 68 90 1f 00 02 00 01
0030  ff ff 00 c0 21 db 30 cb 00 00 06 63 06 68 d2 b9
19:16:36.842241 
0000  45 00 00 40 21 d4 40 00 40 11 d4 90 ac 1f 01 64
0010  82 ee 13 d7 a4 3a a4 3a 00 2c 44 86 01 01 00 00
0020  80 00 00 09 06 63 b0 1d 06 68 90 1f 00 02 00 01
0030  ff ff 00 c0 21 db 30 cb 00 00 06 63 06 68 d2 b9
19:16:36.842256 
0000  45 00 00 40 21 d5 40 00 40 11 d4 8f ac 1f 01 64
0010  82 ee 13 d7 a4 3a a4 3a 00 2c 44 86 01 01 00 00
0020  80 00 00 09 06 63 b0 1d 06 68 90 1f 00 02 00 01
0030  ff ff 00 c0 21 db 30 cb 00 00 06 63 06 68 d2 b9
19:16:36.906326 
0000  45 00 00 3a e9 b4 40 00 2f 11 1d b6 82 ee 13 d7
0010  ac 1f 01 64 a4 3a a4 3a 00 26 71 e3 01 01 00 00
0020  02 00 10 04 06 68 90 1f 06 63 b0 1d 00 01 00 01
0030  00 01 00 08 06 68 06 20 94 60
19:16:36.907098 
0000  45 00 00 40 e9 b5 40 00 2f 11 1d af 82 ee 13 d7
0010  ac 1f 01 64 a4 3a a4 3a 00 2c 71 d7 01 01 00 00
0020  80 00 10 09 06 68 90 1f 06 63 b0 1d 00 02 00 02
0030  00 00 00 00 00 d0 00 00 d2 00 06 68 06 20 43 91
19:16:36.907815 
0000  45 00 00 40 e9 b6 40 00 2f 11 1d ae 82 ee 13 d7
0010  ac 1f 01 64 a4 3a a4 3a 00 2c 71 d7 01 01 00 00
0020  80 00 10 09 06 68 90 1f 06 63 b0 1d 00 02 00 02
0030  00 00 00 00 00 d0 00 00 d2 00 06 68 06 20 43 91
19:16:36.907910 
0000  45 00 00 40 21 e0 40 00 40 11 d4 84 ac 1f 01 64
0010  82 ee 13 d7 a4 3a a4 3a 00 2c 44 86 01 01 00 00
0020  80 00 00 09 06 63 b0 1d 06 68 90 1f 00 02 00 01
0030  ff ff 00 c0 21 db 30 cb 00 00 06 63 06 68 d2 b9
19:16:36.907995 
0000  45 00 00 3a 21 e1 40 00 40 11 d4 89 ac 1f 01 64
0010  82 ee 13 d7 a4 3a a4 3a 00 26 44 80 01 01 00 00
0020  07 00 00 04 06 63 b0 1d 06 68 90 1f 00 01 00 01
0030  00 02 00 08 06 63 06 68 9f 1c
19:16:36.908047 
0000  45 00 00 3a 21 e2 40 00 40 11 d4 88 ac 1f 01 64
0010  82 ee 13 d7 a4 3a a4 3a 00 26 44 80 01 01 00 00
0020  07 00 00 04 06 63 b0 1d 06 68 90 1f 00 01 00 01
0030  00 02 00 08 06 63 06 68 9f 1c
19:16:37.570821 
0000  45 00 00 3a 22 39 40 00 40 11 d4 31 ac 1f 01 64
0010  82 ee 13 d7 a4 3a a4 3a 00 26 44 80 01 01 00 00
0020  07 00 00 04 06 63 b0 1d 06 68 90 1f 00 01 00 01
0030  00 02 00 08 06 63 06 68 9f 1c
19:16:37.570896 
0000  45 00 00 52 22 3a 40 00 40 11 d4 18 ac 1f 01 64
0010  82 ee 13 d7 a4 3a a4 3a 00 3e 44 98 01 01 00 00
0020  80 00 00 1b 06 63 b0 1d 06 68 90 1f 00 03 00 01
0030  fe ff 00 c0 33 19 00 ac d2 00 f4 5c 08 00 00 c0
0040  00 00 1c b2 00 b3 00 00 00 00 00 02 06 63 06 68
0050  06 03
19:16:37.570923 
0000  45 00 00 52 22 3b 40 00 40 11 d4 17 ac 1f 01 64
0010  82 ee 13 d7 a4 3a a4 3a 00 3e 44 98 01 01 00 00
0020  80 00 00 1b 06 63 b0 1d 06 68 90 1f 00 03 00 01
0030  fe ff 00 c0 33 19 00 ac d2 00 f4 5c 08 00 00 c0
0040  00 00 1c b2 00 b3 00 00 00 00 00 02 06 63 06 68
0050  06 03
19:16:37.868355 
0000  45 00 00 40 e9 f5 40 00 2f 11 1d 6f 82 ee 13 d7
0010  ac 1f 01 64 a4 3a a4 3a 00 2c 71 d7 01 01 00 00
0020  80 00 10 09 06 68 90 1f 06 63 b0 1d 00 02 00 02
0030  00 00 00 00 00 d0 00 00 d2 00 06 68 06 20 43 91
19:16:37.868556 
0000  45 00 00 52 22 3d 40 00 40 11 d4 15 ac 1f 01 64
0010  82 ee 13 d7 a4 3a a4 3a 00 3e 44 98 01 01 00 00
0020  80 00 00 1b 06 63 b0 1d 06 68 90 1f 00 03 00 01
0030  fe ff 00 c0 33 19 00 ac d2 00 f4 5c 08 00 00 c0
0040  00 00 1c b2 00 b3 00 00 00 00 00 02 06 63 06 68
0050  06 03
19:16:37.868673 
0000  45 00 00 3a 22 3e 40 00 40 11 d4 2c ac 1f 01 64
0010  82 ee 13 d7 a4 3a a4 3a 00 26 44 80 01 01 00 00
0020  07 00 00 04 06 63 b0 1d 06 68 90 1f 00 01 00 02
0030  00 02 00 08 06 63 06 68 9f 1b
19:16:37.868708 
0000  45 00 00 3a 22 3f 40 00 40 11 d4 2b ac 1f 01 64
0010  82 ee 13 d7 a4 3a a4 3a 00 26 44 80 01 01 00 00
0020  07 00 00 04 06 63 b0 1d 06 68 90 1f 00 01 00 02
0030  00 02 00 08 06 63 06 68 9f 1b
19:16:37.869038 
0000  45 00 00 40 e9 f6 40 00 2f 11 1d 6e 82 ee 13 d7
0010  ac 1f 01 64 a4 3a a4 3a 00 2c 71 d7 01 01 00 00
0020  80 00 10 09 06 68 90 1f 06 63 b0 1d 00 02 00 02
0030  00 00 00 00 00 d0 00 00 d2 00 06 68 06 20 43 91
19:16:37.869148 
0000  45 00 00 3a 22 40 40 00 40 11 d4 2a ac 1f 01 64
0010  82 ee 13 d7 a4 3a a4 3a 00 26 44 80 01 01 00 00
0020  07 00 00 04 06 63 b0 1d 06 68 90 1f 00 01 00 02
0030  00 02 00 08 06 63 06 68 9f 1b
19:16:37.869182 
0000  45 00 00 3a 22 41 40 00 40 11 d4 29 ac 1f 01 64
0010  82 ee 13 d7 a4 3a a4 3a 00 26 44 80 01 01 00 00
0020  07 00 00 04 06 63 b0 1d 06 68 90 1f 00 02 00 02
0030  00 02 00 08 06 63 06 68 9f 1a
19:16:37.869203 
0000  45 00 00 3a 22 42 40 00 40 11 d4 28 ac 1f 01 64
0010  82 ee 13 d7 a4 3a a4 3a 00 26 44 80 01 01 00 00
0020  07 00 00 04 06 63 b0 1d 06 68 90 1f 00 02 00 02
0030  00 02 00 08 06 63 06 68 9f 1a
19:16:37.870679 
0000  45 00 00 40 e9 f7 40 00 2f 11 1d 6d 82 ee 13 d7
0010  ac 1f 01 64 a4 3a a4 3a 00 2c 71 d7 01 01 00 00
0020  80 00 10 09 06 68 90 1f 06 63 b0 1d 00 02 00 02
0030  00 00 00 00 00 d0 00 00 d2 00 06 68 06 20 43 91
19:16:37.870764 
0000  45 00 00 3a 22 43 40 00 40 11 d4 27 ac 1f 01 64
0010  82 ee 13 d7 a4 3a a4 3a 00 26 44 80 01 01 00 00
0020  07 00 00 04 06 63 b0 1d 06 68 90 1f 00 02 00 02
0030  00 02 00 08 06 63 06 68 9f 1a
19:16:37.870811 
0000  45 00 00 3a 22 44 40 00 40 11 d4 26 ac 1f 01 64
0010  82 ee 13 d7 a4 3a a4 3a 00 26 44 80 01 01 00 00
0020  07 00 00 04 06 63 b0 1d 06 68 90 1f 00 01 00 02
0030  00 02 00 08 06 63 06 68 9f 1b
19:16:37.870848 
0000  45 00 00 3a 22 45 40 00 40 11 d4 25 ac 1f 01 64
0010  82 ee 13 d7 a4 3a a4 3a 00 26 44 80 01 01 00 00
0020  07 00 00 04 06 63 b0 1d 06 68 90 1f 00 01 00 02
0030  00 02 00 08 06 63 06 68 9f 1b
19:16:38.299249 
0000  45 00 00 3a 22 4e 40 00 40 11 d4 1c ac 1f 01 64
0010  82 ee 13 d7 a4 3a a4 3a 00 26 44 80 01 01 00 00
0020  07 00 00 04 06 63 b0 1d 06 68 90 1f 00 01 00 02
0030  00 02 00 08 06 63 06 68 9f 1b
19:16:38.299307 
0000  45 00 00 52 22 4f 40 00 40 11 d4 03 ac 1f 01 64
0010  82 ee 13 d7 a4 3a a4 3a 00 3e 44 98 01 01 00 00
0020  80 00 00 1b 06 63 b0 1d 06 68 90 1f 00 03 00 01
0030  fe ff 00 c0 33 19 00 ac d2 00 f4 5c 08 00 00 c0
0040  00 00 1c b2 00 b3 00 00 00 00 00 02 06 63 06 68
0050  06 03
19:16:38.299332 
0000  45 00 00 52 22 50 40 00 40 11 d4 02 ac 1f 01 64
0010  82 ee 13 d7 a4 3a a4 3a 00 3e 44 98 01 01 00 00
0020  80 00 00 1b 06 63 b0 1d 06 68 90 1f 00 03 00 01
0030  fe ff 00 c0 33 19 00 ac d2 00 f4 5c 08 00 00 c0
0040  00 00 1c b2 00 b3 00 00 00 00 00 02 06 63 06 68
0050  06 03
19:16:39.026444 
0000  45 00 00 52 22 97 40 00 40 11 d3 bb ac 1f 01 64
0010  82 ee 13 d7 a4 3a a4 3a 00 3e 44 98 01 01 00 00
0020  80 00 00 1b 06 63 b0 1d 06 68 90 1f 00 03 00 01
0030  fe ff 00 c0 33 19 00 ac d2 00 f4 5c 08 00 00 c0
0040  00 00 1c b2 00 b3 00 00 00 00 00 02 06 63 06 68
0050  06 03
19:16:39.026521 
0000  45 00 00 52 22 98 40 00 40 11 d3 ba ac 1f 01 64
0010  82 ee 13 d7 a4 3a a4 3a 00 3e 44 98 01 01 00 00
0020  80 00 00 1b 06 63 b0 1d 06 68 90 1f 00 03 00 01
0030  fe ff 00 c0 33 19 00 ac d2 00 f4 5c 08 00 00 c0
0040  00 00 1c b2 00 b3 00 00 00 00 00 02 06 63 06 68
0050  06 03
19:16:39.026546 
0000  45 00 00 52 22 99 40 00 40 11 d3 b9 ac 1f 01 64
0010  82 ee 13 d7 a4 3a a4 3a 00 3e 44 98 01 01 00 00
0020  80 00 00 1b 06 63 b0 1d 06 68 90 1f 00 03 00 01
0030  fe ff 00 c0 33 19 00 ac d2 00 f4 5c 08 00 00 c0
0040  00 00 1c b2 00 b3 00 00 00 00 00 02 06 63 06 68
0050  06 03
19:16:39.116342 
0000  45 00 00 40 ea 1b 40 00 2f 11 1d 49 82 ee 13 d7
0010  ac 1f 01 64 a4 3a a4 3a 00 2c 71 d7 01 01 00 00
0020  80 00 10 09 06 68 90 1f 06 63 b0 1d 00 02 00 02
0030  00 00 00 00 00 d0 00 00 d2 00 06 68 06 20 43 91
19:16:39.116620 
0000  45 00 00 52 22 9a 40 00 40 11 d3 b8 ac 1f 01 64
0010  82 ee 13 d7 a4 3a a4 3a 00 3e 44 98 01 01 00 00
0020  80 00 00 1b 06 63 b0 1d 06 68 90 1f 00 03 00 01
0030  fe ff 00 c0 33 19 00 ac d2 00 f4 5c 08 00 00 c0
0040  00 00 1c b2 00 b3 00 00 00 00 00 02 06 63 06 68
0050  06 03
19:16:39.116680 
0000  45 00 00 3a 22 9b 40 00 40 11 d3 cf ac 1f 01 64
0010  82 ee 13 d7 a4 3a a4 3a 00 26 44 80 01 01 00 00
0020  07 00 00 04 06 63 b0 1d 06 68 90 1f 00 02 00 02
0030  00 02 00 08 06 63 06 68 9f 1a
19:16:39.116708 
0000  45 00 00 3a 22 9c 40 00 40 11 d3 ce ac 1f 01 64
0010  82 ee 13 d7 a4 3a a4 3a 00 26 44 80 01 01 00 00
0020  07 00 00 04 06 63 b0 1d 06 68 90 1f 00 02 00 02
0030  00 02 00 08 06 63 06 68 9f 1a
19:16:39.120245 
0000  45 00 00 6c ea 1c 40 00 2f 11 1d 1c 82 ee 13 d7
0010  ac 1f 01 64 a4 3a a4 3a 00 58 71 7f 01 01 00 00
0020  80 00 10 36 06 68 90 1f 06 63 b0 1d 00 03 00 03
0030  fd ff 00 40 ff 2f ff ff 93 ff c0 3a 0d 00 cf 25
0040  00 40 00 8c 00 00 21 0b 30 cb 00 00 00 00 60 00
0050  00 00 24 00 00 00 01 00 00 b0 00 00 ff 07 ff ff
0060  f3 ff 39 a9 c9 09 06 68 06 20 1a 55
19:16:39.120267 
0000  45 00 00 6c ea 1d 40 00 2f 11 1d 1b 82 ee 13 d7
0010  ac 1f 01 64 a4 3a a4 3a 00 58 71 7f 01 01 00 00
0020  80 00 10 36 06 68 90 1f 06 63 b0 1d 00 03 00 03
0030  fd ff 00 40 ff 2f ff ff 93 ff c0 3a 0d 00 cf 25
0040  00 40 00 8c 00 00 21 0b 30 cb 00 00 00 00 60 00
0050  00 00 24 00 00 00 01 00 00 b0 00 00 ff 07 ff ff
0060  f3 ff 39 a9 c9 09 06 68 06 20 1a 55
19:16:39.132451 
0000  45 00 00 3a 22 a0 40 00 40 11 d3 ca ac 1f 01 64
0010  82 ee 13 d7 a4 3a a4 3a 00 26 44 80 01 01 00 00
0020  07 00 00 04 06 63 b0 1d 06 68 90 1f 00 02 00 02
0030  00 02 00 08 06 63 06 68 9f 1a
19:16:39.132508 
0000  45 00 00 40 22 a1 40 00 40 11 d3 c3 ac 1f 01 64
0010  82 ee 13 d7 a4 3a a4 3a 00 2c 44 86 01 01 00 00
0020  80 00 00 09 06 63 b0 1d 06 68 90 1f 00 04 00 03
0030  ff ff 00 c0 00 40 02 00 d2 5a 06 63 06 68 50 c1
19:16:39.132526 
0000  45 00 00 40 22 a2 40 00 40 11 d3 c2 ac 1f 01 64
0010  82 ee 13 d7 a4 3a a4 3a 00 2c 44 86 01 01 00 00
0020  80 00 00 09 06 63 b0 1d 06 68 90 1f 00 04 00 03
0030  ff ff 00 c0 00 40 02 00 d2 5a 06 63 06 68 50 c1
19:16:39.680834 
0000  45 00 00 6c ea 31 40 00 2f 11 1d 07 82 ee 13 d7
0010  ac 1f 01 64 a4 3a a4 3a 00 58 71 7f 01 01 00 00
0020  80 00 10 36 06 68 90 1f 06 63 b0 1d 00 03 00 03
0030  fd ff 00 40 ff 2f ff ff 93 ff c0 3a 0d 00 cf 25
0040  00 40 00 8c 00 00 21 0b 30 cb 00 00 00 00 60 00
0050  00 00 24 00 00 00 01 00 00 b0 00 00 ff 07 ff ff
0060  f3 ff 39 a9 c9 09 06 68 06 20 1a 55
19:16:39.681100 
0000  45 00 00 40 22 b5 40 00 40 11 d3 af ac 1f 01 64
0010  82 ee 13 d7 a4 3a a4 3a 00 2c 44 86 01 01 00 00
0020  80 00 00 09 06 63 b0 1d 06 68 90 1f 00 04 00 03
0030  ff ff 00 c0 00 40 02 00 d2 5a 06 63 06 68 50 c1
19:16:39.681154 
0000  45 00 00 3a 22 b6 40 00 40 11 d3 b4 ac 1f 01 64
0010  82 ee 13 d7 a4 3a a4 3a 00 26 44 80 01 01 00 00
0020  07 00 00 04 06 63 b0 1d 06 68 90 1f 00 02 00 03
0030  00 03 00 08 06 63 06 68 9f 18
19:16:39.681173 
0000  45 00 00 3a 22 b7 40 00 40 11 d3 b3 ac 1f 01 64
0010  82 ee 13 d7 a4 3a a4 3a 00 26 44 80 01 01 00 00
0020  07 00 00 04 06 63 b0 1d 06 68 90 1f 00 02 00 03
0030  00 03 00 08 06 63 06 68 9f 18
19:16:39.682874 
0000  45 00 00 6c ea 32 40 00 2f 11 1d 06 82 ee 13 d7
0010  ac 1f 01 64 a4 3a a4 3a 00 58 71 7f 01 01 00 00
0020  80 00 10 36 06 68 90 1f 06 63 b0 1d 00 03 00 03
0030  fd ff 00 40 ff 2f ff ff 93 ff c0 3a 0d 00 cf 25
0040  00 40 00 8c 00 00 21 0b 30 cb 00 00 00 00 60 00
0050  00 00 24 00 00 00 01 00 00 b0 00 00 ff 07 ff ff
0060  f3 ff 39 a9 c9 09 06 68 06 20 1a 55
19:16:39.682896 
0000  45 00 00 6c ea 33 40 00 2f 11 1d 05 82 ee 13 d7
0010  ac 1f 01 64 a4 3a a4 3a 00 58 71 7f 01 01 00 00
0020  80 00 10 36 06 68 90 1f 06 63 b0 1d 00 03 00 03
0030  fd ff 00 40 ff 2f ff ff 93 ff c0 3a 0d 00 cf 25
0040  00 40 00 8c 00 00 21 0b 30 cb 00 00 00 00 60 00
0050  00 00 24 00 00 00 01 00 00 b0 00 00 ff 07 ff ff
0060  f3 ff 39 a9 c9 09 06 68 06 20 1a 55
19:16:39.682991 
0000  45 00 00 3a 22 b8 40 00 40 11 d3 b2 ac 1f 01 64
0010  82 ee 13 d7 a4 3a a4 3a 00 26 44 80 01 01 00 00
0020  07 00 00 04 06 63 b0 1d 06 68 90 1f 00 02 00 03
0030  00 03 00 08 06 63 06 68 9f 18
19:16:39.683098 
0000  45 00 00 3a 22 b9 40 00 40 11 d3 b1 ac 1f 01 64
0010  82 ee 13 d7 a4 3a a4 3a 00 26 44 80 01 01 00 00
0020  07 00 00 04 06 63 b0 1d 06 68 90 1f 00 02 00 03
0030  00 03 00 08 06 63 06 68 9f 18
19:16:39.683140 
0000  45 00 00 3a 22 ba 40 00 40 11 d3 b0 ac 1f 01 64
0010  82 ee 13 d7 a4 3a a4 3a 00 26 44 80 01 01 00 00
0020  07 00 00 04 06 63 b0 1d 06 68 90 1f 00 02 00 03
0030  00 03 00 08 06 63 06 68 9f 18
19:16:39.760924 
0000  45 00 00 3a 22 bb 40 00 40 11 d3 af ac 1f 01 64
0010  82 ee 13 d7 a4 3a a4 3a 00 26 44 80 01 01 00 00
0020  07 00 00 04 06 63 b0 1d 06 68 90 1f 00 02 00 03
0030  00 03 00 08 06 63 06 68 9f 18
19:16:39.760999 
0000  45 00 00 40 22 bc 40 00 40 11 d3 a8 ac 1f 01 64
0010  82 ee 13 d7 a4 3a a4 3a 00 2c 44 86 01 01 00 00
0020  80 00 00 09 06 63 b0 1d 06 68 90 1f 00 04 00 03
0030  ff ff 00 c0 00 40 02 00 d2 5a 06 63 06 68 50 c1
19:16:39.761024 
0000  45 00 00 40 22 bd 40 00 40 11 d3 a7 ac 1f 01 64
0010  82 ee 13 d7 a4 3a a4 3a 00 2c 44 86 01 01 00 00
0020  80 00 00 09 06 63 b0 1d 06 68 90 1f 00 04 00 03
0030  ff ff 00 c0 00 40 02 00 d2 5a 06 63 06 68 50 c1
19:16:40.493539 
0000  45 00 00 40 22 ee 40 00 40 11 d3 76 ac 1f 01 64
0010  82 ee 13 d7 a4 3a a4 3a 00 2c 44 86 01 01 00 00
0020  80 00 00 09 06 63 b0 1d 06 68 90 1f 00 04 00 03
0030  ff ff 00 c0 00 40 02 00 d2 5a 06 63 06 68 50 c1
19:16:40.493605 
0000  45 00 00 40 22 ef 40 00 40 11 d3 75 ac 1f 01 64
0010  82 ee 13 d7 a4 3a a4 3a 00 2c 44 86 01 01 00 00
0020  80 00 00 09 06 63 b0 1d 06 68 90 1f 00 04 00 03
0030  ff ff 00 c0 00 40 02 00 d2 5a 06 63 06 68 50 c1
19:16:40.493631 
0000  45 00 00 40 22 f0 40 00 40 11 d3 74 ac 1f 01 64
0010  82 ee 13 d7 a4 3a a4 3a 00 2c 44 86 01 01 00 00
0020  80 00 00 09 06 63 b0 1d 06 68 90 1f 00 04 00 03
0030  ff ff 00 c0 00 40 02 00 d2 5a 06 63 06 68 50 c1
19:16:40.546602 
0000  45 00 00 6c ea 39 40 00 2f 11 1c ff 82 ee 13 d7
0010  ac 1f 01 64 a4 3a a4 3a 00 58 71 7f 01 01 00 00
0020  80 00 10 36 06 68 90 1f 06 63 b0 1d 00 03 00 03
0030  fd ff 00 40 ff 2f ff ff 93 ff c0 3a 0d 00 cf 25
0040  00 40 00 8c 00 00 21 0b 30 cb 00 00 00 00 60 00
0050  00 00 24 00 00 00 01 00 00 b0 00 00 ff 07 ff ff
0060  f3 ff 39 a9 c9 09 06 68 06 20 1a 55
19:16:40.546840 
0000  45 00 00 40 22 f5 40 00 40 11 d3 6f ac 1f 01 64
0010  82 ee 13 d7 a4 3a a4 3a 00 2c 44 86 01 01 00 00
0020  80 00 00 09 06 63 b0 1d 06 68 90 1f 00 04 00 03
0030  ff ff 00 c0 00 40 02 00 d2 5a 06 63 06 68 50 c1
19:16:40.546938 
0000  45 00 00 3a 22 f6 40 00 40 11 d3 74 ac 1f 01 64
0010  82 ee 13 d7 a4 3a a4 3a 00 26 44 80 01 01 00 00
0020  07 00 00 04 06 63 b0 1d 06 68 90 1f 00 03 00 03
0030  00 03 00 08 06 63 06 68 9f 17
19:16:40.546978 
0000  45 00 00 3a 22 f7 40 00 40 11 d3 73 ac 1f 01 64
0010  82 ee 13 d7 a4 3a a4 3a 00 26 44 80 01 01 00 00
0020  07 00 00 04 06 63 b0 1d 06 68 90 1f 00 03 00 03
0030  00 03 00 08 06 63 06 68 9f 17
19:16:40.547340 
0000  45 00 00 64 ea 3a 40 00 2f 11 1d 06 82 ee 13 d7
0010  ac 1f 01 64 a4 3a a4 3a 00 50 71 8f 01 01 00 00
0020  80 00 10 2d 06 68 90 1f 06 63 b0 1d 00 04 00 04
0030  fe ff 00 40 00 10 00 00 d3 06 a2 bb ac 0d 77 3a
0040  50 20 83 52 0e da bd 4c f2 3a 40 dc da c1 a1 0f
0050  81 a2 06 83 ff ff 00 c0 ff 4f ff ff 00 fa 06 68
0060  06 20 a6 2d
19:16:40.548246 
0000  45 00 00 64 ea 3b 40 00 2f 11 1d 05 82 ee 13 d7
0010  ac 1f 01 64 a4 3a a4 3a 00 50 71 8f 01 01 00 00
0020  80 00 10 2d 06 68 90 1f 06 63 b0 1d 00 04 00 04
0030  fe ff 00 40 00 10 00 00 d3 06 a2 bb ac 0d 77 3a
0040  50 20 83 52 0e da bd 4c f2 3a 40 dc da c1 a1 0f
0050  81 a2 06 83 ff ff 00 c0 ff 4f ff ff 00 fa 06 68
0060  06 20 a6 2d
19:16:40.548333 
0000  45 00 00 3a 22 f8 40 00 40 11 d3 72 ac 1f 01 64
0010  82 ee 13 d7 a4 3a a4 3a 00 26 44 80 01 01 00 00
0020  07 00 00 04 06 63 b0 1d 06 68 90 1f 00 03 00 03
0030  00 03 00 08 06 63 06 68 9f 17
19:16:40.548366 
0000  45 00 00 3a 22 f9 40 00 40 11 d3 71 ac 1f 01 64
0010  82 ee 13 d7 a4 3a a4 3a 00 26 44 80 01 01 00 00
0020  07 00 00 04 06 63 b0 1d 06 68 90 1f 00 02 00 03
0030  00 04 00 08 06 63 06 68 9f 17
19:16:40.548380 
0000  45 00 00 3a 22 fa 40 00 40 11 d3 70 ac 1f 01 64
0010  82 ee 13 d7 a4 3a a4 3a 00 26 44 80 01 01 00 00
0020  07 00 00 04 06 63 b0 1d 06 68 90 1f 00 02 00 03
0030  00 04 00 08 06 63 06 68 9f 17
19:16:40.572749 
0000  45 00 00 3a 22 fc 40 00 40 11 d3 6e ac 1f 01 64
0010  82 ee 13 d7 a4 3a a4 3a 00 26 44 80 01 01 00 00
0020  07 00 00 04 06 63 b0 1d 06 68 90 1f 00 02 00 03
0030  00 04 00 08 06 63 06 68 9f 17
19:16:40.572800 
0000  45 00 00 40 22 fd 40 00 40 11 d3 67 ac 1f 01 64
0010  82 ee 13 d7 a4 3a a4 3a 00 2c 44 86 01 01 00 00
0020  80 00 00 09 06 63 b0 1d 06 68 90 1f 00 05 00 04
0030  ff ff 00 c0 00 50 00 00 93 08 06 63 06 68 92 01
19:16:40.572814 
0000  45 00 00 40 22 fe 40 00 40 11 d3 66 ac 1f 01 64
0010  82 ee 13 d7 a4 3a a4 3a 00 2c 44 86 01 01 00 00
0020  80 00 00 09 06 63 b0 1d 06 68 90 1f 00 05 00 04
0030  ff ff 00 c0 00 50 00 00 93 08 06 63 06 68 92 01
19:16:41.226674 
0000  45 00 00 40 23 27 40 00 40 11 d3 3d ac 1f 01 64
0010  82 ee 13 d7 a4 3a a4 3a 00 2c 44 86 01 01 00 00
0020  80 00 00 09 06 63 b0 1d 06 68 90 1f 00 05 00 04
0030  ff ff 00 c0 00 50 00 00 93 08 06 63 06 68 92 01
19:16:41.226749 
0000  45 00 00 40 23 28 40 00 40 11 d3 3c ac 1f 01 64
0010  82 ee 13 d7 a4 3a a4 3a 00 2c 44 86 01 01 00 00
0020  80 00 00 09 06 63 b0 1d 06 68 90 1f 00 05 00 04
0030  ff ff 00 c0 00 50 00 00 93 08 06 63 06 68 92 01
19:16:41.226782 
0000  45 00 00 40 23 29 40 00 40 11 d3 3b ac 1f 01 64
0010  82 ee 13 d7 a4 3a a4 3a 00 2c 44 86 01 01 00 00
0020  80 00 00 09 06 63 b0 1d 06 68 90 1f 00 05 00 04
0030  ff ff 00 c0 00 50 00 00 93 08 06 63 06 68 92 01
19:16:41.286202 
0000  45 00 00 64 ea 3c 40 00 2f 11 1d 04 82 ee 13 d7
0010  ac 1f 01 64 a4 3a a4 3a 00 50 71 8f 01 01 00 00
0020  80 00 10 2d 06 68 90 1f 06 63 b0 1d 00 04 00 04
0030  fe ff 00 40 00 10 00 00 d3 06 a2 bb ac 0d 77 3a
0040  50 20 83 52 0e da bd 4c f2 3a 40 dc da c1 a1 0f
0050  81 a2 06 83 ff ff 00 c0 ff 4f ff ff 00 fa 06 68
0060  06 20 a6 2d
19:16:41.286448 
0000  45 00 00 40 23 32 40 00 40 11 d3 32 ac 1f 01 64
0010  82 ee 13 d7 a4 3a a4 3a 00 2c 44 86 01 01 00 00
0020  80 00 00 09 06 63 b0 1d 06 68 90 1f 00 05 00 04
0030  ff ff 00 c0 00 50 00 00 93 08 06 63 06 68 92 01
19:16:41.286501 
0000  45 00 00 3a 23 33 40 00 40 11 d3 37 ac 1f 01 64
0010  82 ee 13 d7 a4 3a a4 3a 00 26 44 80 01 01 00 00
0020  07 00 00 04 06 63 b0 1d 06 68 90 1f 00 03 00 04
0030  00 04 00 08 06 63 06 68 9f 15
19:16:41.286518 
0000  45 00 00 3a 23 34 40 00 40 11 d3 36 ac 1f 01 64
0010  82 ee 13 d7 a4 3a a4 3a 00 26 44 80 01 01 00 00
0020  07 00 00 04 06 63 b0 1d 06 68 90 1f 00 03 00 04
0030  00 04 00 08 06 63 06 68 9f 15
19:16:41.286991 
0000  45 00 00 40 ea 3d 40 00 2f 11 1d 27 82 ee 13 d7
0010  ac 1f 01 64 a4 3a a4 3a 00 2c 71 d7 01 01 00 00
0020  80 00 10 09 06 68 90 1f 06 63 b0 1d 00 05 00 05
0030  00 00 00 00 00 90 00 00 d2 00 06 68 06 20 43 cb
19:16:41.287738 
0000  45 00 00 40 ea 3e 40 00 2f 11 1d 26 82 ee 13 d7
0010  ac 1f 01 64 a4 3a a4 3a 00 2c 71 d7 01 01 00 00
0020  80 00 10 09 06 68 90 1f 06 63 b0 1d 00 05 00 05
0030  00 00 00 00 00 90 00 00 d2 00 06 68 06 20 43 cb
19:16:41.287815 
0000  45 00 00 3a 23 35 40 00 40 11 d3 35 ac 1f 01 64
0010  82 ee 13 d7 a4 3a a4 3a 00 26 44 80 01 01 00 00
0020  07 00 00 04 06 63 b0 1d 06 68 90 1f 00 03 00 04
0030  00 04 00 08 06 63 06 68 9f 15
19:16:41.287872 
0000  45 00 00 3a 23 36 40 00 40 11 d3 34 ac 1f 01 64
0010  82 ee 13 d7 a4 3a a4 3a 00 26 44 80 01 01 00 00
0020  07 00 00 04 06 63 b0 1d 06 68 90 1f 00 04 00 04
0030  00 05 00 08 06 63 06 68 9f 13
19:16:41.287897 
0000  45 00 00 3a 23 37 40 00 40 11 d3 33 ac 1f 01 64
0010  82 ee 13 d7 a4 3a a4 3a 00 26 44 80 01 01 00 00
0020  07 00 00 04 06 63 b0 1d 06 68 90 1f 00 04 00 04
0030  00 05 00 08 06 63 06 68 9f 13
19:16:41.527441 
0000  45 00 00 40 ea 46 40 00 2f 11 1d 1e 82 ee 13 d7
0010  ac 1f 01 64 a4 3a a4 3a 00 2c 71 d7 01 01 00 00
0020  80 00 10 09 06 68 90 1f 06 63 b0 1d 00 05 00 05
0030  00 00 00 00 00 90 00 00 d2 00 06 68 06 20 43 cb
19:16:41.527664 
0000  45 00 00 3a 23 50 40 00 40 11 d3 1a ac 1f 01 64
0010  82 ee 13 d7 a4 3a a4 3a 00 26 44 80 01 01 00 00
0020  07 00 00 04 06 63 b0 1d 06 68 90 1f 00 04 00 04
0030  00 05 00 08 06 63 06 68 9f 13
19:16:41.527722 
0000  45 00 00 3a 23 51 40 00 40 11 d3 19 ac 1f 01 64
0010  82 ee 13 d7 a4 3a a4 3a 00 26 44 80 01 01 00 00
0020  07 00 00 04 06 63 b0 1d 06 68 90 1f 00 04 00 04
0030  00 05 00 08 06 63 06 68 9f 13
19:16:41.527758 
0000  45 00 00 3a 23 52 40 00 40 11 d3 18 ac 1f 01 64
0010  82 ee 13 d7 a4 3a a4 3a 00 26 44 80 01 01 00 00
0020  07 00 00 04 06 63 b0 1d 06 68 90 1f 00 04 00 04
0030  00 05 00 08 06 63 06 68 9f 13
19:16:41.528242 
0000  45 00 00 40 ea 47 40 00 2f 11 1d 1d 82 ee 13 d7
0010  ac 1f 01 64 a4 3a a4 3a 00 2c 71 d7 01 01 00 00
0020  80 00 10 09 06 68 90 1f 06 63 b0 1d 00 05 00 05
0030  00 00 00 00 00 90 00 00 d2 00 06 68 06 20 43 cb
19:16:41.528298 
0000  45 00 00 3a 23 53 40 00 40 11 d3 17 ac 1f 01 64
0010  82 ee 13 d7 a4 3a a4 3a 00 26 44 80 01 01 00 00
0020  07 00 00 04 06 63 b0 1d 06 68 90 1f 00 04 00 04
0030  00 05 00 08 06 63 06 68 9f 13
19:16:41.528342 
0000  45 00 00 3a 23 54 40 00 40 11 d3 16 ac 1f 01 64
0010  82 ee 13 d7 a4 3a a4 3a 00 26 44 80 01 01 00 00
0020  07 00 00 04 06 63 b0 1d 06 68 90 1f 00 03 00 04
0030  00 05 00 08 06 63 06 68 9f 14
19:16:41.528377 
0000  45 00 00 3a 23 55 40 00 40 11 d3 15 ac 1f 01 64
0010  82 ee 13 d7 a4 3a a4 3a 00 26 44 80 01 01 00 00
0020  07 00 00 04 06 63 b0 1d 06 68 90 1f 00 03 00 04
0030  00 05 00 08 06 63 06 68 9f 14
19:16:41.528934 
0000  45 00 00 40 ea 48 40 00 2f 11 1d 1c 82 ee 13 d7
0010  ac 1f 01 64 a4 3a a4 3a 00 2c 71 d7 01 01 00 00
0020  80 00 10 09 06 68 90 1f 06 63 b0 1d 00 05 00 05
0030  00 00 00 00 00 90 00 00 d2 00 06 68 06 20 43 cb
19:16:41.528989 
0000  45 00 00 3a 23 56 40 00 40 11 d3 14 ac 1f 01 64
0010  82 ee 13 d7 a4 3a a4 3a 00 26 44 80 01 01 00 00
0020  07 00 00 04 06 63 b0 1d 06 68 90 1f 00 03 00 04
0030  00 05 00 08 06 63 06 68 9f 14
19:16:41.529032 
0000  45 00 00 3a 23 57 40 00 40 11 d3 13 ac 1f 01 64
0010  82 ee 13 d7 a4 3a a4 3a 00 26 44 80 01 01 00 00
0020  07 00 00 04 06 63 b0 1d 06 68 90 1f 00 05 00 04
0030  00 05 00 08 06 63 06 68 9f 12
19:16:41.529068 
0000  45 00 00 3a 23 58 40 00 40 11 d3 12 ac 1f 01 64
0010  82 ee 13 d7 a4 3a a4 3a 00 26 44 80 01 01 00 00
0020  07 00 00 04 06 63 b0 1d 06 68 90 1f 00 05 00 04
0030  00 05 00 08 06 63 06 68 9f 12
19:16:42.689173 
0000  45 00 00 3a 23 97 40 00 40 11 d2 d3 ac 1f 01 64
0010  82 ee 13 d7 a4 3a a4 3a 00 26 44 80 01 01 00 00
0020  07 00 00 04 06 63 b0 1d 06 68 90 1f 00 05 00 04
0030  00 05 00 08 06 63 06 68 9f 12
