19:09:11.892218 
0000  45 00 00 76 91 49 40 00 2f 11 75 e5 82 ee 13 d7
0010  ac 1f 01 64 a4 3a a4 3a 00 62 71 6b 01 01 00 00
0020  05 00 10 40 06 68 90 21 06 63 00 00 00 01 00 00
0030  50 55 00 00 00 00 00 00 00 00 00 00 00 00 00 00
0040  00 00 00 00 00 00 00 00 00 00 00 00 00 00 00 00
0050  01 06 00 0e c0 b6 00 10 23 61 00 04 00 00 00 00
0060  15 a9 00 00 00 00 00 00 00 00 00 00 03 3a 00 00
0070  06 68 06 20 f2 d1
19:09:14.161271 
0000  45 00 00 3c 37 1d 40 00 40 11 bf 4b ac 1f 01 64
0010  82 ee 13 d7 a4 3a a4 3a 00 28 44 82 01 01 00 00
0020  01 00 00 06 06 63 00 00 06 68 90 21 00 01 00 00
0030  54 53 54 41 53 55 06 63 06 68 59 57
19:09:14.161399 
0000  45 00 00 3c 37 1e 40 00 40 11 bf 4a ac 1f 01 64
0010  82 ee 13 d7 a4 3a a4 3a 00 28 44 82 01 01 00 00
0020  01 00 00 06 06 63 00 00 06 68 90 20 00 01 00 00
0030  54 53 54 41 53 55 06 63 06 68 59 58
19:09:14.161480 
0000  45 00 00 3c 37 1f 40 00 40 11 bf 49 ac 1f 01 64
0010  82 ee 13 d7 a4 3a a4 3a 00 28 44 82 01 01 00 00
0020  01 00 00 06 06 63 00 00 06 68 90 20 00 01 00 00
0030  54 53 54 41 53 55 06 63 06 68 59 58
19:09:14.193298 
0000  45 00 00 76 92 03 40 00 2f 11 75 2b 82 ee 13 d7
0010  ac 1f 01 64 a4 3a a4 3a 00 62 71 6b 01 01 00 00
0020  05 00 10 40 06 68 90 21 06 63 00 00 00 01 00 00
0030  50 55 00 00 00 00 00 00 00 00 00 00 00 00 00 00
0040  00 00 00 00 00 00 00 00 00 00 00 00 00 00 00 00
0050  01 06 00 0e c0 b6 00 10 23 61 00 04 00 00 00 00
0060  15 a9 00 00 00 00 00 00 00 00 00 00 03 3a 00 00
0070  06 68 06 20 f2 d1
19:09:14.194922 
0000  45 00 00 76 92 04 40 00 2f 11 75 2a 82 ee 13 d7
0010  ac 1f 01 64 a4 3a a4 3a 00 62 71 6b 01 01 00 00
0020  05 00 10 40 06 68 90 20 06 63 00 00 00 01 00 00
0030  50 55 00 00 00 00 00 00 00 00 00 00 00 00 00 00
0040  00 00 00 00 00 00 00 00 00 00 00 00 00 00 00 00
0050  01 06 00 0e c0 b7 00 10 23 62 00 04 00 00 00 00
0060  15 a9 00 00 00 00 00 00 00 00 00 00 03 3a 00 00
0070  06 68 06 20 f2 d0
19:09:14.194937 
0000  45 00 00 76 92 05 40 00 2f 11 75 29 82 ee 13 d7
0010  ac 1f 01 64 a4 3a a4 3a 00 62 71 6b 01 01 00 00
0020  05 00 10 40 06 68 90 20 06 63 00 00 00 01 00 00
0030  50 55 00 00 00 00 00 00 00 00 00 00 00 00 00 00
0040  00 00 00 00 00 00 00 00 00 00 00 00 00 00 00 00
0050  01 06 00 0e c0 b7 00 10 23 62 00 04 00 00 00 00
0060  15 a9 00 00 00 00 00 00 00 00 00 00 03 3a 00 00
0070  06 68 06 20 f2 d0
